4.625627719137513361e-01 3.948966418264900080e-02 1.204374260712814682e+01
3.749156992960855361e-01 3.933835022166806694e-03 1.496052023619342641e+01
3.206177414247096125e-01 7.789871559452372918e-02 1.662026030631700024e+01
2.487526857768451172e-01 1.230028431414918605e-01 1.887412607435793532e+01
2.089807432922570762e-01 1.548064678341638800e-01 2.090173925270744348e+01
1.780375512957089734e-01 1.791284062151621004e-01 2.249406344410142111e+01
1.541814248143652255e-01 1.971051678519561978e-01 2.356712905112395617e+01
1.385004678898223984e-01 2.082932007923872508e-01 2.425919564694860853e+01
1.300004922599199975e-01 2.140629571538029408e-01 2.467269072647171413e+01
1.260309004846270620e-01 2.166587364862182785e-01 2.488863897888830934e+01
1.243143934109333659e-01 2.177582730789109078e-01 2.498794151246021400e+01
1.235950012191449343e-01 2.182149010680583812e-01 2.503054195231542423e+01
1.232971678619937950e-01 2.184032296270434770e-01 2.504832207381621956e+01
1.231744701594661984e-01 2.184806916749661709e-01 2.505566837286032111e+01
1.231240253041201577e-01 2.185125175923574026e-01 2.505869203173228144e+01
1.231033032856564541e-01 2.185255876014910170e-01 2.505993465135829013e+01
1.230947939413957332e-01 2.185309540878566659e-01 2.506044501349602527e+01
1.230913001441041460e-01 2.185331573744800082e-01 2.506065457470359803e+01
